1	오지환	21LSS	1.872	132	129	1060.2	546	174	359	13	.976	4.52	11.74	0.00	0.00	0.00	1.47	13.22	14.92	5.43	18.65	1.327	1.872
2	마차도	21롯SS	1.254	133	127	1076.2	583	235	337	11	.981	4.78	5.07	0.00	0.00	0.00	1.93	7.01	7.79	5.54	12.55	0.700	1.254
3	김민성	21L2B	0.933	122	107	861.2	242	56	179	7	.971	2.46	6.52	0.00	0.00	0.00	1.28	7.80	10.84	1.48	9.28	0.785	0.933
4	하주석	21한SS	0.922	113	111	923.2	375	132	229	14	.963	3.52	3.75	0.00	0.00	0.00	0.75	4.50	5.83	4.78	9.28	0.447	0.922
5	정은원	21한2B	0.913	126	123	1024.2	510	217	280	13	.975	4.37	7.35	0.00	0.00	0.00	0.08	7.43	8.68	1.81	9.24	0.734	0.913
6	심우준	21K2B	0.792	139	129	1066.0	556	210	327	19	.966	4.53	2.15	0.00	0.00	0.00	0.29	2.44	2.74	5.48	7.93	0.244	0.792
7	송성문	21키1B	0.783	76	63	535.2	280	117	156	7	.975	4.59	6.95	0.00	0.00	0.00	0.12	7.07	15.80	0.72	7.79	0.711	0.783
8	노진혁	21N1B	0.574	103	96	782.1	298	110	180	8	.973	3.34	1.51	0.00	0.00	0.00	1.20	2.71	4.14	3.09	5.80	0.268	0.574
9	최정	21S3B	0.541	129	124	1029.0	304	83	209	12	.961	2.55	2.94	0.00	0.00	0.00	0.80	3.74	4.35	1.81	5.55	0.365	0.541
10	문보경	21L1B	0.506	117	79	664.1	537	430	102	5	.991	7.21	7.35	0.00	0.00	0.00	0.59	7.94	14.30	-2.88	5.06	0.794	0.506
11	박경수	21K2B	0.445	97	60	522.0	305	121	181	3	.990	5.21	2.78	0.00	0.00	0.00	0.76	3.54	8.13	0.89	4.44	0.356	0.445
12	김재호	21두SS	0.417	83	63	543.0	262	108	150	4	.985	4.28	0.08	0.00	0.00	0.00	1.29	1.37	3.01	2.77	4.14	0.138	0.417
13	김웅빈	21키3B	0.386	55	41	362.2	113	32	77	4	.965	2.71	2.91	0.00	0.00	0.00	0.33	3.24	10.69	0.62	3.86	0.323	0.386
14	신본기	21K2B	0.371	113	57	480.2	197	71	122	4	.980	3.61	2.08	0.00	0.00	0.00	0.62	2.69	6.71	1.01	3.70	0.270	0.371
15	김상수	21삼2B	0.370	130	125	1039.0	613	242	359	12	.980	5.21	1.59	0.00	0.00	0.00	0.31	1.90	2.19	1.77	3.67	0.191	0.370
16	박성한	21S2B	0.351	137	112	1007.2	537	199	315	23	.957	4.59	-0.90	0.00	0.00	0.00	-0.75	-1.65	-1.95	5.20	3.55	-0.163	0.351
17	김혜성	21키2B	0.336	152	139	1187.2	700	237	428	35	.950	5.04	0.98	0.00	0.00	0.00	-2.79	-1.81	-1.82	5.22	3.41	-0.178	0.336
18	강승호	21두1B	0.332	134	86	761.1	409	159	242	8	.980	4.74	1.83	0.00	0.00	0.00	0.40	2.23	3.50	1.09	3.32	0.223	0.332
19	박준영	21N2B	0.319	125	77	697.2	256	92	155	9	.965	3.19	0.19	0.00	0.00	0.00	0.62	0.82	1.40	2.37	3.18	0.082	0.319
20	구본혁	21L2B	0.291	134	7	265.0	130	46	82	2	.985	4.35	1.61	0.00	0.00	0.00	0.46	2.07	9.35	0.84	2.91	0.207	0.291
21	서건창	21키L2B	0.280	130	126	1037.1	567	254	305	8	.986	4.85	-0.07	0.00	0.00	0.00	1.10	1.03	1.19	1.79	2.82	0.102	0.280
22	김성현	21S2B	0.261	120	67	643.1	323	116	199	8	.975	4.41	0.29	0.00	0.00	0.00	0.40	0.68	1.27	1.95	2.63	0.068	0.261
23	박석민	21N3B	0.250	47	44	330.2	118	29	81	8	.932	2.99	2.52	0.00	0.00	0.00	-0.57	1.95	7.06	0.57	2.52	0.193	0.250
24	김지찬	21삼2B	0.223	131	87	762.1	363	117	227	19	.948	4.06	-0.08	0.00	0.00	0.00	-1.06	-1.14	-1.79	3.37	2.23	-0.114	0.223
25	박정현	21한1B	0.208	35	27	242.0	134	75	53	6	.955	4.76	2.25	0.00	0.00	0.00	-0.46	1.79	8.84	0.25	2.04	0.183	0.208
26	정주현	21L2B	0.175	72	67	505.0	310	110	188	12	.961	5.31	1.97	0.00	0.00	0.00	-1.08	0.88	2.09	0.87	1.75	0.088	0.175
27	김태연	21한2B	0.171	39	28	262.0	115	39	69	7	.939	3.71	1.89	0.00	0.00	0.00	-0.60	1.29	5.88	0.46	1.75	0.126	0.171
28	힐리	21한1B	0.157	63	60	527.0	525	478	42	5	.991	8.88	6.07	0.00	0.00	0.00	-0.01	6.06	13.76	-4.50	1.56	0.608	0.157
29	최주환	21S1B	0.142	107	97	772.1	535	327	197	11	.979	6.11	2.71	0.00	0.00	0.00	-0.35	2.37	3.67	-0.93	1.43	0.235	0.142
30	박민	21KSS	0.140	14	11	94.2	39	13	24	2	.949	3.52	0.93	0.00	0.00	0.00	-0.04	0.90	11.32	0.48	1.37	0.091	0.140
31	이도윤	21한2B	0.134	55	12	185.2	73	23	46	4	.945	3.35	0.92	0.00	0.00	0.00	-0.18	0.74	4.77	0.59	1.33	0.074	0.134
32	김주원	21N2B	0.125	80	53	467.2	249	98	139	12	.952	4.56	0.01	0.00	0.00	0.00	-0.75	-0.74	-1.90	2.00	1.26	-0.074	0.125
33	지석훈	21N2B	0.121	32	9	114.0	54	16	37	1	.982	4.18	0.76	0.00	0.00	0.00	0.15	0.91	9.54	0.30	1.21	0.091	0.121
34	김찬형	21NS2B	0.116	89	36	379.1	169	55	110	4	.976	3.92	-0.04	0.00	0.00	0.00	0.34	0.31	0.96	0.86	1.16	0.030	0.116
35	이상호	21L1B	0.115	44	15	180.0	97	47	48	2	.979	4.75	1.00	0.00	0.00	0.00	0.08	1.09	7.22	0.07	1.15	0.109	0.115
36	이주형	21L1B	0.105	4	3	22.0	25	24	1	0	1.000	10.23	1.18	0.00	0.00	0.00	0.04	1.22	66.26	-0.19	1.03	0.124	0.105
37	김태진	21K2B	0.104	98	96	830.2	269	74	178	17	.937	2.73	0.45	0.00	0.00	0.00	-0.84	-0.38	-0.55	1.42	1.04	-0.038	0.104
38	김현민	21한2B	0.096	3	1	13.0	7	2	5	0	1.000	4.85	0.86	0.00	0.00	0.00	0.03	0.89	82.22	0.02	0.91	0.094	0.096
39	나주환	21K1B	0.091	13	4	53.2	21	13	8	0	1.000	3.52	0.75	0.00	0.00	0.00	0.15	0.91	20.22	-0.01	0.90	0.092	0.091
40	박찬호	21KSS	0.078	129	126	1100.1	549	205	320	24	.956	4.29	-4.31	0.00	0.00	0.00	-0.57	-4.88	-5.31	5.66	0.78	-0.488	0.078
41	문찬종	21키1B	0.066	11	3	39.1	23	9	14	0	1.000	5.26	0.48	0.00	0.00	0.00	0.11	0.59	17.98	0.07	0.66	0.059	0.066
42	정현	21SN2B	0.057	64	29	306.2	127	51	72	4	.969	3.61	-0.02	0.00	0.00	0.00	0.06	0.03	0.13	0.54	0.57	0.003	0.057
43	박계범	21두2B	0.056	149	98	831.1	385	161	213	11	.971	4.05	-2.67	0.00	0.00	0.00	0.50	-2.17	-3.12	2.73	0.56	-0.215	0.056
44	안상현	21S2B	0.054	23	9	85.0	48	21	25	2	.958	4.87	0.56	0.00	0.00	0.00	-0.17	0.38	5.41	0.16	0.54	0.038	0.054
45	최정용	21K2B	0.052	28	8	101.1	56	22	32	2	.964	4.80	0.47	0.00	0.00	0.00	-0.12	0.35	4.12	0.17	0.52	0.035	0.052
46	박민우	21N2B	0.049	49	48	384.0	215	103	109	3	.986	4.97	-0.57	0.00	0.00	0.00	0.40	-0.17	-0.54	0.66	0.49	-0.017	0.049
47	강민국	21K2B	0.042	17	13	108.0	70	24	45	1	.986	5.75	0.15	0.00	0.00	0.00	0.08	0.23	2.55	0.18	0.41	0.023	0.042
48	신민재	21L2B	0.037	12	4	40.0	23	8	14	1	.957	4.95	0.39	0.00	0.00	0.00	-0.09	0.30	8.94	0.07	0.37	0.030	0.037
49	이주찬	21롯2B	0.036	2	2	17.0	10	5	5	0	1.000	5.29	0.23	0.00	0.00	0.00	0.05	0.29	20.14	0.05	0.34	0.030	0.036
50	고명성	21K2B	0.030	6	0	6.2	3	0	3	0	1.000	4.05	0.25	0.00	0.00	0.00	0.02	0.28	49.66	0.03	0.30	0.028	0.030
51	김인태	21두1B	0.030	1	0	2.0	3	3	0	0	1.000	13.50	0.31	0.00	0.00	0.00	0.00	0.32	190.63	-0.02	0.30	0.032	0.030
52	박지훈	21두1B	0.026	22	0	35.2	29	24	5	0	1.000	7.32	0.31	0.00	0.00	0.00	0.09	0.40	13.38	-0.14	0.26	0.040	0.026
53	페레즈	21한1B	0.025	59	41	369.0	258	186	63	9	.965	6.07	2.24	0.00	0.00	0.00	-0.86	1.39	4.50	-1.13	0.25	0.138	0.025
54	김민수	21N3B	0.025	7	1	17.0	3	0	3	0	1.000	1.59	0.17	0.00	0.00	0.00	0.05	0.22	15.38	0.03	0.25	0.022	0.025
55	조한민	21한1B	0.023	26	15	131.0	77	53	21	3	.961	5.08	0.60	0.00	0.00	0.00	-0.25	0.35	3.24	-0.12	0.23	0.036	0.023
56	최정민	21K2B	0.020	7	0	10.0	3	2	1	0	1.000	2.70	0.15	0.00	0.00	0.00	0.03	0.18	21.71	0.02	0.20	0.018	0.020
57	최종은	21롯2B	0.013	1	0	1.0	1	0	1	0	1.000	9.00	0.13	0.00	0.00	0.00	0.00	0.13	156.25	0.00	0.13	0.013	0.013
58	이호연	21롯1B	0.013	3	1	12.0	12	10	2	0	1.000	9.00	0.17	0.00	0.00	0.00	0.03	0.20	19.60	-0.07	0.12	0.020	0.013
59	강경학	21한K2B	0.004	22	8	87.0	48	23	23	2	.958	4.76	-0.01	0.00	0.00	0.00	-0.14	-0.15	-2.08	0.19	0.04	-0.015	0.004
60	김주현	21롯1B	0.004	2	1	11.0	12	11	1	0	1.000	9.82	0.11	0.00	0.00	0.00	0.02	0.13	14.53	-0.09	0.04	0.013	
61	고명준	21S1B	0.003	1	0	1.0	2	1	1	0	1.000	18.00	0.04	0.00	0.00	0.00	0.00	0.04	47.63	-0.01	0.03	0.004	0.003
62	안주형	21삼2B	0.003	1	0	1.0	1	0	1	0	1.000	9.00	0.03	0.00	0.00	0.00	0.00	0.03	35.96	0.00	0.03	0.003	0.003
63	오윤석	21KSS	0.001	1	0	1.0	0	0	0	0		0.00	-0.00	0.00	0.00	0.00	0.00	0.00	4.32	0.01	0.01	0.000	0.001
64	오태양	21N2B	0.000	1	0	1.0	1	1	0	0	1.000	9.00	-0.00	0.00	0.00	0.00	0.00	0.00	3.04	0.00	0.00	0.000	0.000
65	권동진	21K2B	0.000	85	14	240.0	130	47	75	8	.939	4.58	-0.09	0.00	0.00	0.00	-0.80	-0.89	-4.43	0.89	0.00	-0.088	0.000
66	김태훈	21K1B	0.000	4	0	5.0	3	3	0	0	1.000	5.40	0.04	0.00	0.00	0.00	0.01	0.05	11.22	-0.04	0.00	0.005	0.000
67	김태균	21한1B	0.000	1	1	0.0	0	0	0	0			0.00	0.00	0.00	0.00	0.00	0.00		0.00	0.00	0.000	0.000
68	이태훈	21삼1B	-0.001	1	0	1.0	0	0	0	0		0.00	-0.00	0.00	0.00	0.00	0.00	0.00	2.11	-0.01	-0.01	0.000	-0.001
69	최용제	21두1B	-0.001	1	0	1.0	0	0	0	0		0.00	-0.00	0.00	0.00	0.00	0.00	0.00	2.11	-0.01	-0.01	0.000	-0.001
70	김찬형	21S1B	-0.001	1	0	1.0	0	0	0	0		0.00	-0.00	0.00	0.00	0.00	0.00	0.00	2.11	-0.01	-0.01	0.000	-0.001
71	채은성	21L1B	-0.001	1	0	1.0	0	0	0	0		0.00	-0.00	0.00	0.00	0.00	0.00	0.00	2.11	-0.01	-0.01	0.000	-0.001
72	김민혁	21두1B	-0.001	2	0	3.0	2	2	0	0	1.000	6.00	-0.00	0.00	0.00	0.00	0.01	0.01	2.62	-0.02	-0.01	0.001	-0.001
73	박주홍	21키1B	-0.001	1	1	7.0	11	11	0	0	1.000	14.14	0.04	0.00	0.00	0.00	0.01	0.05	8.62	-0.06	-0.01	0.005	-0.001
74	최재훈	21한1B	-0.001	1	0	2.0	2	2	0	0	1.000	9.00	-0.00	0.00	0.00	0.00	0.00	0.00	2.11	-0.02	-0.01	0.000	-0.001
75	최정원	21N2B	-0.003	66	56	451.1	232	93	132	7	.970	4.49	-0.58	0.00	0.00	0.00	-0.22	-0.80	-2.13	0.78	-0.03	-0.080	-0.003
76	백승민	21삼1B	-0.003	3	0	5.0	3	3	0	0	1.000	5.40	-0.00	0.00	0.00	0.00	0.01	0.01	2.11	-0.04	-0.03	0.001	-0.003
77	이성열	21한1B	-0.006	10	7	64.0	51	46	4	1	.980	7.03	0.57	0.00	0.00	0.00	-0.08	0.49	9.12	-0.55	-0.06	0.049	-0.006
78	백용환	21K한1B	-0.007	2	1	10.0	6	6	0	0	1.000	5.40	-0.00	0.00	0.00	0.00	0.02	0.02	2.11	-0.09	-0.07	0.002	-0.007
79	전병우	21키1B	-0.007	122	61	617.2	297	158	130	9	.970	4.20	0.10	0.00	0.00	0.00	-0.04	0.06	0.11	-0.12	-0.07	0.006	-0.007
80	김병휘	21키2B	-0.010	8	2	27.0	15	5	9	1	.933	4.67	-0.03	0.00	0.00	0.00	-0.13	-0.16	-7.03	0.06	-0.10	-0.016	-0.010
81	오정환	21K2B	-0.013	4	3	31.0	14	4	9	1	.929	3.77	-0.07	0.00	0.00	0.00	-0.12	-0.18	-7.10	0.05	-0.13	-0.018	-0.013
82	황경태	21두2B	-0.018	1	0	4.0	3	2	0	1	.667	4.50	-0.00	0.00	0.00	0.00	-0.19	-0.19	-56.81	0.01	-0.18	-0.019	-0.018
83	최보성	21N3B	-0.020	8	3	34.0	11	2	7	2	.818	2.38	0.03	0.00	0.00	0.00	-0.29	-0.26	-9.15	0.06	-0.20	-0.026	-0.020
84	김호은	21L1B	-0.021	2	1	9.0	11	9	2	0	1.000	11.00	-0.15	0.00	0.00	0.00	0.02	-0.13	-17.05	-0.08	-0.20	-0.013	-0.021
85	이형종	21L1B	-0.024	1	0	1.0	0	0	0	0		0.00	-0.23	0.00	0.00	0.00	0.00	-0.23	-278.17	-0.01	-0.24	-0.023	-0.024
86	이명기	21키1B	-0.024	2	2	12.0	15	13	2	0	1.000	11.25	-0.16	0.00	0.00	0.00	0.02	-0.14	-13.66	-0.10	-0.24	-0.014	-0.024
87	김현수	21L1B	-0.029	5	2	15.2	20	19	1	0	1.000	11.49	-0.19	0.00	0.00	0.00	0.03	-0.16	-12.14	-0.14	-0.30	-0.016	-0.029
88	모창민	21N1B	-0.031	3	2	16.0	16	15	1	0	1.000	9.00	-0.20	0.00	0.00	0.00	0.03	-0.17	-12.56	-0.13	-0.30	-0.017	-0.031
89	박해민	21삼1B	-0.033	4	1	14.2	14	14	0	0	1.000	8.59	-0.24	0.00	0.00	0.00	0.03	-0.21	-17.00	-0.13	-0.34	-0.021	-0.033
90	서예일	21두2B	-0.034	5	1	10.0	4	1	2	1	.750	2.70	-0.20	0.00	0.00	0.00	-0.17	-0.36	-43.61	0.02	-0.34	-0.036	-0.034
91	이병규	21롯1B	-0.035	3	2	17.0	16	16	0	0	1.000	8.47	-0.24	0.00	0.00	0.00	0.03	-0.20	-14.37	-0.15	-0.35	-0.020	-0.035
92	장준원	21L1B	-0.037	5	0	9.0	6	3	2	1	.833	5.00	-0.19	0.00	0.00	0.00	-0.17	-0.37	-48.84	0.00	-0.37	-0.037	-0.037
93	신용수	21롯3B	-0.040	3	1	9.0	5	2	2	1	.800	4.00	-0.25	0.00	0.00	0.00	-0.17	-0.42	-56.40	0.02	-0.41	-0.042	-0.040
94	오윤석	21롯K1B	-0.043	96	45	439.2	316	194	120	2	.994	6.43	-0.04	0.00	0.00	0.00	0.63	0.59	1.60	-1.02	-0.43	0.058	-0.043
95	프레이	21키1B	-0.043	1	1	6.0	7	5	2	0	1.000	10.50	-0.39	0.00	0.00	0.00	0.01	-0.38	-76.21	-0.05	-0.43	-0.038	-0.043
96	김용의	21L1B	-0.048	86	3	163.2	171	153	17	1	.994	9.35	0.72	0.00	0.00	0.00	0.12	0.84	6.14	-1.33	-0.49	0.084	-0.048
97	전민재	21두2B	-0.058	7	0	12.0	6	3	2	1	.833	3.75	-0.44	0.00	0.00	0.00	-0.17	-0.61	-60.70	0.02	-0.59	-0.060	-0.058
98	천성호	21K1B	-0.060	29	7	90.1	54	35	16	3	.944	5.08	0.01	0.00	0.00	0.00	-0.38	-0.37	-4.88	-0.23	-0.60	-0.037	-0.060
99	한동희	21롯1B	-0.065	128	116	1004.2	310	101	195	14	.955	2.65	-2.62	0.00	0.00	0.00	0.31	-2.30	-2.75	1.65	-0.66	-0.227	-0.065
100	김수환	21키1B	-0.066	11	10	85.1	61	50	9	2	.967	6.22	-0.01	0.00	0.00	0.00	-0.20	-0.22	-3.02	-0.44	-0.65	-0.022	-0.066
101	김규성	21K2B	-0.068	49	10	140.2	80	24	52	4	.950	4.86	-0.78	0.00	0.00	0.00	-0.35	-1.13	-9.63	0.45	-0.68	-0.113	-0.068
102	오명진	21두2B	-0.069	3	0	5.0	1	1	0	0	1.000	1.80	-0.72	0.00	0.00	0.00	0.01	-0.70	-168.55	0.01	-0.70	-0.070	-0.069
103	신준우	21키2B	-0.083	52	16	164.1	92	32	55	5	.946	4.77	-1.14	0.00	0.00	0.00	-0.41	-1.55	-11.29	0.72	-0.83	-0.155	-0.083
104	문상철	21K1B	-0.088	18	7	66.1	76	73	3	0	1.000	10.31	-0.45	0.00	0.00	0.00	0.13	-0.32	-5.76	-0.56	-0.88	-0.032	-0.088
105	김병희	21K1B	-0.091	32	17	150.2	59	15	39	5	.915	3.23	-0.61	0.00	0.00	0.00	-0.56	-1.17	-9.28	0.23	-0.93	-0.114	-0.091
106	이대호	21롯1B	-0.092	18	15	118.1	118	107	9	2	.983	8.82	0.28	0.00	0.00	0.00	-0.18	0.10	1.01	-1.02	-0.92	0.010	-0.092
107	남태혁	21S1B	-0.093	6	3	23.0	23	21	0	2	.913	8.22	-0.39	0.00	0.00	0.00	-0.36	-0.74	-38.64	-0.20	-0.94	-0.073	-0.093
108	권민석	21두1B	-0.099	29	1	53.0	24	17	6	1	.958	3.91	-0.88	0.00	0.00	0.00	-0.06	-0.94	-21.30	-0.05	-0.99	-0.094	-0.099
109	황윤호	21K2B	-0.102	6	4	40.2	12	2	8	2	.833	2.21	-0.81	0.00	0.00	0.00	-0.28	-1.09	-32.04	0.07	-1.02	-0.109	-0.102
110	송호정	21한2B	-0.103	5	2	23.0	5	0	4	1	.800	1.57	-1.03	0.00	0.00	0.00	-0.11	-1.14	-59.38	0.11	-1.03	-0.114	-0.103
111	최항	21S1B	-0.104	23	15	112.0	70	35	32	3	.957	5.38	-0.87	0.00	0.00	0.00	-0.31	-1.18	-12.59	0.13	-1.04	-0.117	-0.104
112	김주성	21L3B	-0.104	4	1	13.0	3	1	0	2	.333	0.69	-0.75	0.00	0.00	0.00	-0.36	-1.11	-102.53	0.03	-1.09	-0.106	-0.104
113	오태곤	21S1B	-0.117	63	20	260.1	275	252	21	2	.993	9.44	0.94	0.00	0.00	0.00	0.09	1.04	4.77	-2.21	-1.17	0.103	-0.117
114	김창평	21S2B	-0.118	9	1	21.0	7	3	4	0	1.000	3.00	-1.30	0.00	0.00	0.00	0.07	-1.23	-70.02	0.06	-1.17	-0.123	-0.118
115	박승욱	21K1B	-0.121	6	2	14.0	10	4	4	2	.800	5.14	-0.88	0.00	0.00	0.00	-0.36	-1.24	-106.15	0.00	-1.24	-0.121	-0.121
116	최영진	21삼1B	-0.122	38	9	122.2	78	61	17	0	1.000	5.72	-1.13	0.00	0.00	0.00	0.31	-0.82	-7.99	-0.41	-1.23	-0.081	-0.122
117	김민수	21롯1B	-0.128	85	48	470.0	265	159	103	3	.989	5.02	-1.83	0.00	0.00	0.00	0.66	-1.17	-2.99	-0.11	-1.28	-0.117	-0.128
118	나승엽	21롯1B	-0.128	48	24	231.1	136	106	25	5	.963	5.10	-0.00	0.00	0.00	0.00	-0.43	-0.43	-2.23	-0.85	-1.28	-0.043	-0.128
119	손호영	21L3B	-0.138	8	2	31.2	13	4	8	1	.923	3.41	-1.43	0.00	0.00	0.00	-0.08	-1.52	-57.40	0.13	-1.39	-0.151	-0.138
120	신성현	21두1B	-0.139	8	2	30.0	18	12	6	0	1.000	5.40	-1.39	0.00	0.00	0.00	0.08	-1.31	-52.38	-0.08	-1.40	-0.130	-0.139
121	도태훈	21N1B	-0.144	82	16	223.2	108	61	43	4	.963	4.19	-1.28	0.00	0.00	0.00	-0.17	-1.45	-7.76	0.01	-1.44	-0.145	-0.144
122	이영빈	21L1B	-0.144	66	34	296.0	238	174	57	7	.971	7.02	0.17	0.00	0.00	0.00	-0.67	-0.50	-2.01	-0.95	-1.45	-0.049	-0.144
123	터커	21K1B	-0.145	28	27	244.2	232	214	17	1	.996	8.50	0.39	0.00	0.00	0.00	0.26	0.65	3.19	-2.10	-1.45	0.065	-0.145
124	오재원	21두1B	-0.147	42	12	165.2	114	62	50	2	.983	6.09	-1.34	0.00	0.00	0.00	0.00	-1.33	-9.64	-0.13	-1.46	-0.134	-0.147
125	정민규	21한1B	-0.148	5	4	28.0	22	8	11	3	.864	6.11	-0.92	0.00	0.00	0.00	-0.52	-1.44	-61.61	-0.03	-1.48	-0.145	-0.148
126	이학주	21삼SS	-0.167	65	47	401.2	223	81	131	11	.951	4.75	-3.07	0.00	0.00	0.00	-0.66	-3.73	-11.12	2.06	-1.67	-0.374	-0.167
127	크레익	21키1B	-0.181	29	26	226.2	249	232	17	0	1.000	9.89	-0.29	0.00	0.00	0.00	0.43	0.13	0.70	-1.96	-1.82	0.013	-0.181
128	김휘집	21키2B	-0.183	40	23	206.0	69	17	45	7	.899	2.71	-1.53	0.00	0.00	0.00	-0.74	-2.27	-13.19	0.45	-1.82	-0.229	-0.183
129	오선진	21삼2B	-0.188	23	10	114.0	46	21	23	2	.957	3.47	-2.50	0.00	0.00	0.00	0.03	-2.46	-25.85	0.58	-1.88	-0.245	-0.188
130	김석환	21K1B	-0.195	4	4	35.0	41	39	0	2	.951	10.03	-1.37	0.00	0.00	0.00	-0.33	-1.70	-58.15	-0.31	-2.01	-0.165	-0.195
131	김주형	21키2B	-0.210	34	20	183.2	83	25	53	5	.940	3.82	-2.72	0.00	0.00	0.00	-0.31	-3.03	-19.74	0.91	-2.12	-0.300	-0.210
132	노시환	21한1B	-0.216	101	94	823.2	304	107	177	20	.934	3.10	-2.07	0.00	0.00	0.00	-1.45	-3.52	-5.12	1.31	-2.21	-0.345	-0.216
133	유민상	21K1B	-0.218	15	14	118.0	113	106	7	0	1.000	8.62	-1.40	0.00	0.00	0.00	0.22	-1.18	-11.92	-1.02	-2.20	-0.116	-0.218
134	보어	21L1B	-0.218	28	27	200.0	196	181	12	3	.985	8.69	-0.24	0.00	0.00	0.00	-0.22	-0.46	-2.78	-1.70	-2.16	-0.047	-0.218
135	김호재	21삼1B	-0.235	80	13	213.0	129	96	31	2	.985	5.37	-1.86	0.00	0.00	0.00	0.15	-1.71	-9.62	-0.65	-2.36	-0.171	-0.235
136	노태형	21한1B	-0.243	12	10	75.0	62	56	4	2	.968	7.20	-1.67	0.00	0.00	0.00	-0.24	-1.91	-30.54	-0.49	-2.41	-0.193	-0.243
137	이원석	21삼1B	-0.250	123	120	870.0	287	146	136	5	.983	2.92	-4.24	0.00	0.00	0.00	1.55	-2.69	-3.70	0.18	-2.51	-0.268	-0.250
138	라모스	21L1B	-0.252	37	37	287.0	315	287	24	4	.987	9.75	0.20	0.00	0.00	0.00	-0.26	-0.06	-0.26	-2.48	-2.54	-0.006	-0.252
139	윤형준	21N1B	-0.269	25	11	103.0	104	91	7	6	.942	8.56	-0.81	0.00	0.00	0.00	-1.01	-1.82	-21.15	-0.89	-2.71	-0.181	-0.269
140	이원재	21N1B	-0.274	24	15	129.0	119	107	10	2	.983	8.16	-1.47	0.00	0.00	0.00	-0.16	-1.63	-15.13	-1.10	-2.73	-0.164	-0.274
141	이성곤	21삼한1B	-0.276	40	35	288.0	276	258	14	4	.986	8.50	-0.03	0.00	0.00	0.00	-0.26	-0.29	-1.21	-2.49	-2.79	-0.029	-0.276
142	김선빈	21K2B	-0.285	126	125	1017.2	520	206	307	7	.987	4.54	-5.92	0.00	0.00	0.00	1.26	-4.67	-5.49	1.78	-2.89	-0.460	-0.285
143	강한울	21삼2B	-0.293	122	50	550.2	182	64	109	9	.951	2.83	-4.23	0.00	0.00	0.00	-0.04	-4.27	-9.29	1.33	-2.94	-0.426	-0.293
144	안재석	21두2B	-0.295	94	55	481.1	247	96	138	13	.947	4.38	-4.07	0.00	0.00	0.00	-0.91	-4.98	-12.39	2.01	-2.97	-0.495	-0.295
145	로맥	21S1B	-0.304	100	93	770.0	733	690	41	2	.997	8.54	2.52	0.00	0.00	0.00	1.05	3.57	5.55	-6.63	-3.06	0.356	-0.304
146	페르난	21두1B	-0.307	18	17	140.0	115	107	5	3	.974	7.20	-1.57	0.00	0.00	0.00	-0.34	-1.91	-16.33	-1.22	-3.13	-0.187	-0.307
147	배성근	21롯2B	-0.331	67	21	262.2	134	61	66	7	.948	4.35	-3.82	0.00	0.00	0.00	-0.51	-4.33	-19.75	1.01	-3.32	-0.431	-0.331
148	류지혁	21K1B	-0.336	90	77	672.2	423	322	93	8	.981	5.55	-1.43	0.00	0.00	0.00	0.11	-1.32	-2.35	-2.07	-3.39	-0.131	-0.336
149	황재균	21K1B	-0.362	115	112	940.1	263	69	178	16	.939	2.36	-5.01	0.00	0.00	0.00	-0.28	-5.28	-6.72	1.61	-3.67	-0.521	-0.362
150	정훈	21롯1B	-0.437	100	94	796.2	793	748	44	1	.999	8.95	1.19	0.00	0.00	0.00	1.30	2.49	3.75	-6.91	-4.41	0.246	-0.437
151	박병호	21키1B	-0.494	97	96	810.2	849	776	67	6	.993	9.36	1.70	0.00	0.00	0.00	0.32	2.03	2.99	-7.00	-4.97	0.201	-0.494
152	안치홍	21롯2B	-0.506	110	108	908.2	475	176	289	10	.979	4.61	-7.10	0.00	0.00	0.00	0.37	-6.74	-8.87	1.59	-5.15	-0.661	-0.506
153	허경민	21두3B	-0.550	130	116	984.2	261	92	161	8	.969	2.31	-8.72	0.00	0.00	0.00	1.47	-7.25	-8.82	1.70	-5.55	-0.719	-0.550
154	오재일	21삼1B	-0.574	117	113	936.0	917	864	51	2	.998	8.80	0.96	0.00	0.00	0.00	1.36	2.32	2.96	-8.14	-5.83	0.228	-0.574
155	황대인	21K1B	-0.612	71	64	546.0	531	502	26	3	.994	8.70	-1.87	0.00	0.00	0.00	0.43	-1.44	-3.16	-4.69	-6.13	-0.144	-0.612
156	양석환	21두1B	-0.927	127	125	1014.1	920	854	58	8	.991	8.09	-0.89	0.00	0.00	0.00	0.31	-0.58	-0.69	-8.84	-9.42	-0.057	-0.927
157	강진성	21N1B	-1.277	120	115	970.1	907	837	57	13	.986	8.29	-3.69	0.00	0.00	0.00	-0.78	-4.46	-5.50	-8.34	-12.81	-0.445	-1.277
158	강백호	21K1B	-1.294	133	128	1068.0	1148	1023	106	19	.983	9.51	-2.13	0.00	0.00	0.00	-1.79	-3.92	-4.39	-9.48	-13.40	-0.379	-1.294