1	최지훈	21SLF	0.849	214	118	1054.0	312	302	8	2	.994	2.65	5.50	3.70	0.00	0.00	0.12	9.32	10.59	-0.82	8.50	0.932	0.849
2	배정대	21KCF	0.757	144	139	1189.1	318	308	7	3	.991	2.38	3.56	2.04	0.00	0.00	-0.04	5.56	5.60	2.05	7.61	0.553	0.757
3	박해민	21삼CF	0.752	125	119	989.2	283	280	2	1	.997	2.56	7.25	-1.65	0.00	0.00	0.27	5.87	7.10	1.71	7.58	0.582	0.752
4	송민섭	21KLF	0.562	122	3	245.0	63	60	3	0	1.000	2.31	4.13	2.42	0.00	0.00	0.14	6.68	32.63	-1.04	5.64	0.666	0.562
5	김인태	21두LF	0.480	121	93	724.0	190	185	5	0	1.000	2.36	8.85	-0.73	0.00	0.00	0.44	8.55	14.14	-3.74	4.82	0.853	0.480
6	정진호	21한LF	0.449	41	38	302.2	82	77	3	2	.976	2.38	5.42	0.78	0.00	0.00	-0.26	5.94	23.51	-1.53	4.41	0.604	0.449
7	조수행	21두LF	0.412	103	11	276.0	101	99	1	1	.990	3.26	4.35	0.32	0.00	0.00	-0.06	4.61	19.98	-0.46	4.15	0.458	0.412
8	변상권	21키LF	0.373	65	41	372.2	100	98	2	0	1.000	2.42	5.02	0.32	0.00	0.00	0.17	5.51	17.71	-1.82	3.70	0.557	0.373
9	김호령	21KCF	0.350	61	44	394.0	127	124	3	0	1.000	2.90	0.83	1.80	0.00	0.00	0.19	2.82	8.56	0.67	3.49	0.282	0.350
10	호잉	21KCF	0.349	73	68	580.0	137	129	5	3	.978	2.08	5.20	1.29	0.00	0.00	-0.22	6.27	12.95	-2.80	3.48	0.629	0.349
11	구자욱	21삼RF	0.338	130	130	1085.0	259	247	9	3	.988	2.12	4.63	4.37	0.00	0.00	0.12	9.12	10.06	-5.68	3.44	0.896	0.338
12	김강민	21SCF	0.315	116	40	566.1	157	149	6	2	.987	2.46	0.63	1.69	0.00	0.00	-0.13	2.19	4.63	0.97	3.16	0.218	0.315
13	김민하	21한LF	0.273	42	28	258.1	76	71	2	3	.961	2.54	2.91	1.30	0.00	0.00	-0.46	3.75	17.37	-1.03	2.72	0.377	0.273
14	예진원	21키LF	0.259	55	34	303.2	85	82	3	0	1.000	2.52	3.22	-0.30	0.00	0.00	0.15	3.07	12.09	-0.52	2.55	0.312	0.259
15	이정후	21키CF	0.258	114	113	964.2	268	257	8	3	.989	2.47	-2.23	3.33	0.00	0.00	-0.14	0.96	1.19	1.71	2.67	0.093	0.258
16	김기환	21NLF	0.235	58	37	321.0	77	74	1	2	.974	2.10	4.47	-0.26	0.00	0.00	-0.25	3.96	14.75	-1.63	2.33	0.399	0.235
17	이동훈	21한LF	0.226	26	15	150.2	55	53	1	1	.982	3.23	2.16	0.01	0.00	0.00	-0.13	2.05	16.25	0.19	2.23	0.207	0.226
18	이재원	21LLF	0.225	57	41	366.0	87	84	3	0	1.000	2.14	2.89	0.97	0.00	0.00	0.21	4.07	13.30	-1.82	2.25	0.408	0.225
19	박정음	21키LF	0.211	46	1	82.0	30	30	0	0	1.000	3.29	3.07	-0.76	0.00	0.00	0.04	2.35	34.34	-0.24	2.12	0.235	0.211
20	오태곤	21SLF	0.191	64	28	285.0	73	69	3	1	.986	2.27	2.55	0.80	0.00	0.00	-0.06	3.28	13.77	-1.36	1.92	0.327	0.191
21	이창진	21KLF	0.177	107	72	631.1	199	197	1	1	.995	2.82	4.11	-3.03	0.00	0.00	0.10	1.18	2.24	0.58	1.76	0.119	0.177
22	박승규	21삼LF	0.174	45	13	165.2	57	57	0	0	1.000	3.10	2.79	-0.71	0.00	0.00	0.08	2.16	15.59	-0.42	1.73	0.216	0.174
23	알테어	21NCF	0.172	134	129	1078.2	325	319	4	2	.994	2.70	2.54	-2.78	0.00	0.00	0.11	-0.13	-0.14	1.88	1.76	-0.012	0.172
24	노수광	21한LF	0.150	51	44	377.0	121	117	4	0	1.000	2.89	-1.34	2.46	0.00	0.00	0.18	1.30	4.13	0.19	1.50	0.131	0.150
25	임지열	21키LF	0.144	12	7	55.0	11	10	1	0	1.000	1.80	1.04	0.63	0.00	0.00	0.03	1.70	36.89	-0.28	1.42	0.172	0.144
26	문성주	21LLF	0.139	34	20	181.0	49	48	0	1	.980	2.39	3.17	-0.99	0.00	0.00	-0.11	2.07	13.68	-0.69	1.38	0.209	0.139
27	허정협	21키LF	0.130	14	6	68.0	20	20	0	0	1.000	2.65	1.66	-0.06	0.00	0.00	0.03	1.63	28.67	-0.35	1.28	0.165	0.130
28	김지수	21한LF	0.104	12	7	59.0	14	14	0	0	1.000	2.14	0.94	0.27	0.00	0.00	0.03	1.24	25.23	-0.23	1.01	0.129	0.104
29	정수빈	21두CF	0.083	103	77	731.2	223	218	4	1	.996	2.73	-0.48	-0.10	0.00	0.00	0.15	-0.43	-0.70	1.26	0.83	-0.043	0.083
30	이천웅	21LLF	0.081	68	42	405.2	90	89	1	0	1.000	2.00	1.15	-0.28	0.00	0.00	0.19	1.07	3.15	-0.26	0.81	0.107	0.081
31	홍현빈	21KLF	0.076	25	1	54.2	14	13	1	0	1.000	2.31	0.64	0.38	0.00	0.00	0.03	1.04	22.82	-0.28	0.76	0.104	0.076
32	최정원	21NLF	0.070	10	1	21.2	10	10	0	0	1.000	4.15	0.78	-0.02	0.00	0.00	0.01	0.77	42.81	-0.08	0.70	0.077	0.070
33	김창평	21SLF	0.064	14	3	39.2	8	8	0	0	1.000	1.82	0.42	0.35	0.00	0.00	0.02	0.78	23.61	-0.15	0.63	0.079	0.064
34	이재율	21NLF	0.055	14	2	43.0	10	10	0	0	1.000	2.09	0.87	-0.23	0.00	0.00	0.02	0.67	18.53	-0.12	0.55	0.067	0.055
35	이진영	21KCF	0.052	16	11	107.0	26	25	1	0	1.000	2.19	0.20	0.30	0.00	0.00	0.06	0.56	6.22	-0.03	0.53	0.055	0.052
36	최정민	21KLF	0.042	15	3	49.0	11	11	0	0	1.000	2.02	0.54	-0.09	0.00	0.00	0.02	0.47	11.54	-0.05	0.43	0.047	0.042
37	박정우	21KLF	0.041	32	16	159.0	48	47	1	0	1.000	2.72	0.32	-0.07	0.00	0.00	0.08	0.33	2.49	0.07	0.40	0.033	0.041
38	최형우	21KLF	0.037	2	1	10.0	4	4	0	0	1.000	3.60	0.42	-0.00	0.00	0.00	0.00	0.42	50.38	-0.05	0.37	0.042	0.037
39	신민재	21LLF	0.037	11	0	24.0	5	5	0	0	1.000	1.88	0.47	-0.11	0.00	0.00	0.01	0.37	18.60	-0.01	0.37	0.037	0.037
40	강로한	21롯LF	0.031	16	7	79.2	35	34	0	1	.971	3.84	0.30	0.12	0.00	0.00	-0.16	0.25	3.76	0.06	0.31	0.025	0.031
41	국해성	21두RF	0.025	3	1	13.0	2	2	0	0	1.000	1.39	0.32	-0.02	0.00	0.00	0.01	0.31	28.79	-0.07	0.25	0.032	0.025
42	최민창	21LLF	0.023	4	0	6.0	    1	1	0	0	1.000	1.50	0.25	-0.02	0.00	0.00	0.00	0.24	47.43	-0.01	0.23	0.024	0.023
43	추재현	21롯LF	0.020	96	68	585.1	145	138	5	2	.986	2.20	0.30	0.85	0.00	0.00	-0.11	1.05	2.14	-0.85	0.20	0.105	0.020
44	권민석	21두LF	0.016	1	0	1.0	    1	1	0	0	1.000	9.00	0.17	-0.00	0.00	0.00	0.00	0.17	203.57	-0.01	0.16	0.017	0.016
45	오재원	21두CF	0.015	2	0	2.1	    1	0	1	0	1.000	3.86	-0.68	0.83	0.00	0.00	0.00	0.15	78.38	-0.01	0.15	0.015	0.015
46	문상철	21KLF	0.015	3	0	3.1	    1	1	0	0	1.000	2.70	0.17	-0.01	0.00	0.00	0.00	0.16	58.36	-0.02	0.15	0.016	0.015
47	유서준	21SCF	0.014	3	0	4.0	    2	2	0	0	1.000	4.50	0.17	-0.02	0.00	0.00	0.00	0.15	44.57	-0.01	0.14	0.015	0.014
48	김용의	21LLF	0.007	7	0	9.0	    1	1	0	0	1.000	1.00	0.11	-0.01	0.00	0.00	0.01	0.10	13.50	-0.03	0.07	0.010	0.007
49	최우재	21NLF	0.006	1	0	2.0	    1	1	0	0	1.000	4.50	0.07	-0.00	0.00	0.00	0.00	0.07	41.91	-0.01	0.06	0.007	0.006
50	오장한	21NRF	0.004	1	0	2.0	    1	1	0	0	1.000	4.50	0.07	-0.02	0.00	0.00	0.00	0.05	31.28	-0.01	0.04	0.005	0.004
51	이주형	21LCF	-0.000	2	0	4.0	0	0	0	0	0	0.00	0.00	-0.01	0.00	0.00	0.00	-0.00	-1.07	0.00	-0.00	-0.000	-0.000
52	이주형	21키LF	-0.000	1	0	1.0	0	0	0	0	0	0.00	-0.00	-0.00	0.00	0.00	0.00	0.00	0.49	-0.01	-0.00	0.000	-0.000
53	송호정	21한LF	-0.000	1	0	1.0	0	0	0	0	0	0.00	-0.00	-0.00	0.00	0.00	0.00	0.00	0.49	-0.01	-0.00	0.000	-0.000
54	이상호	21LLF	-0.000	1	0	1.0	0	0	0	0	0	0.00	-0.00	-0.00	0.00	0.00	0.00	0.00	0.49	-0.01	-0.00	0.000	-0.000
55	강진성	21NRF	-0.001	1	0	1.0	0	0	0	0	0	0.00	0.00	-0.00	0.00	0.00	0.00	-0.00	-0.99	-0.01	-0.01	-0.000	-0.001
56	이원재	21NLF	-0.002	1	0	4.0	0	0	0	0	0	0.00	-0.00	-0.00	0.00	0.00	0.00	0.00	0.49	-0.02	-0.02	0.000	-0.002
57	송준석	21삼LF	-0.003	14	12	92.0	24	24	0	0	1.000	2.35	0.72	-0.32	0.00	0.00	0.04	0.44	5.75	-0.47	-0.03	0.044	-0.003
58	오선우	21KLF	-0.005	6	4	33.1	16	15	1	0	1.000	4.32	-0.15	0.26	0.00	0.00	0.02	0.12	4.26	-0.17	-0.05	0.012	-0.005
59	김규남	21SLF	-0.009	3	2	14.0	4	4	0	0	1.000	2.57	-0.02	-0.00	0.00	0.00	0.01	-0.01	-1.20	-0.07	-0.08	-0.001	-0.009
60	조한민	21한LF	-0.011	28	22	168.2	42	40	1	1	.976	2.19	1.84	-1.09	0.00	0.00	-0.10	0.65	4.62	-0.76	-0.11	0.065	-0.011
61	최민재	21롯LF	-0.012	14	6	60.0	11	11	0	0	1.000	1.65	0.16	-0.15	0.00	0.00	0.03	0.03	0.66	-0.15	-0.12	0.003	-0.012
62	정진기	21SNCF	-0.014	15	10	80.0	22	19	2	1	.955	2.36	0.00	-0.12	0.00	0.00	-0.16	-0.27	-4.09	0.14	-0.14	-0.027	-0.014
63	김재유	21롯LF	-0.016	69	40	377.1	106	99	3	4	.962	2.43	-0.85	0.92	0.00	0.00	-0.62	-0.55	-1.73	0.39	-0.16	-0.054	-0.016
64	박주홍	21키LF	-0.019	11	5	53.0	20	20	0	0	1.000	3.40	0.42	-0.37	0.00	0.00	0.02	0.08	1.74	-0.27	-0.19	0.008	-0.019
65	김준완	21NLF	-0.022	14	1	30.0	11	11	0	0	1.000	3.30	0.14	-0.32	0.00	0.00	0.02	-0.16	-6.33	-0.07	-0.22	-0.016	-0.022
66	김건형	21KRF	-0.026	11	11	85.0	10	9	1	0	1.000	1.06	-0.74	0.86	0.00	0.00	0.06	0.17	2.43	-0.43	-0.26	0.017	-0.026
67	백동훈	21두LF	-0.028	5	2	10.1	6	6	0	0	1.000	5.23	-0.33	0.04	0.00	0.00	0.01	-0.28	-32.96	0.00	-0.28	-0.029	-0.028
68	오준혁	21SLF	-0.029	8	2	22.0	5	5	0	0	1.000	2.05	-0.19	0.00	0.00	0.00	0.01	-0.18	-9.64	-0.11	-0.29	-0.018	-0.029
69	김현준	21삼LF	-0.031	11	0	17.2	8	8	0	0	1.000	4.08	-0.27	0.03	0.00	0.00	0.01	-0.23	-15.68	-0.08	-0.31	-0.023	-0.031
70	안권수	21두LF	-0.039	81	4	166.2	40	39	1	0	1.000	2.16	0.65	-0.47	0.00	0.00	0.10	0.28	2.02	-0.67	-0.39	0.028	-0.039
71	권희동	21NLF	-0.046	51	28	259.2	55	52	2	1	.982	1.87	-0.33	1.12	0.00	0.00	-0.06	0.72	3.34	-1.20	-0.47	0.071	-0.046
72	유장혁	21한LF	-0.047	34	28	253.0	78	77	1	0	1.000	2.78	-1.15	0.34	0.00	0.00	0.12	-0.69	-3.24	0.22	-0.46	-0.070	-0.047
73	박지훈	21두RF	-0.052	1	1	2.0	0	0	0	0	0	0.00	-0.59	0.07	0.00	0.00	0.00	-0.52	-309.60	-0.01	-0.53	-0.051	-0.052
74	송우현	21키RF	-0.058	66	63	560.1	119	113	5	1	.992	1.90	-0.29	2.44	0.00	0.00	0.17	2.33	4.97	-2.91	-0.58	0.230	-0.058
75	김태연	21한LF	-0.058	23	21	144.0	43	40	3	0	1.000	2.69	-1.05	1.12	0.00	0.00	0.09	0.16	1.35	-0.75	-0.59	0.016	-0.058
76	김성표	21삼LF	-0.075	25	3	72.0	18	17	0	1	.944	2.13	-1.10	0.43	0.00	0.00	-0.17	-0.83	-13.85	0.08	-0.75	-0.082	-0.075
77	김민혁	21KLF	-0.079	45	31	243.0	55	54	0	1	.982	2.00	1.82	-1.29	0.00	0.00	-0.09	0.44	2.16	-1.23	-0.79	0.044	-0.079
78	김은성	21키LF	-0.080	6	5	44.0	17	17	0	0	1.000	3.48	-0.27	-0.33	0.00	0.00	0.02	-0.57	-15.62	-0.23	-0.80	-0.057	-0.080
79	한석현	21LLF	-0.084	12	7	58.0	8	7	0	1	.875	1.09	0.03	-0.45	0.00	0.00	-0.17	-0.60	-12.36	-0.25	-0.85	-0.059	-0.084
80	이우성	21KLF	-0.089	62	20	257.2	63	61	1	1	.984	2.17	0.52	-0.00	0.00	0.00	-0.08	0.44	2.02	-1.32	-0.89	0.044	-0.089
81	페레즈	21한LF	-0.097	17	13	96.0	15	14	0	1	.933	1.31	0.19	-0.51	0.00	0.00	-0.15	-0.48	-5.97	-0.50	-0.97	-0.048	-0.097
82	김동엽	21삼LF	-0.099	36	25	193.2	41	39	1	1	.976	1.86	-0.32	0.44	0.00	0.00	-0.11	0.01	0.06	-0.99	-0.98	0.001	-0.099
83	이정범	21SLF	-0.110	19	17	109.0	21	19	1	1	.952	1.65	-0.66	0.26	0.00	0.00	-0.15	-0.55	-6.01	-0.57	-1.12	-0.054	-0.110
84	유한준	21KLF	-0.121	15	11	84.1	11	11	0	0	1.000	1.17	-0.48	-0.37	0.00	0.00	0.06	-0.79	-11.25	-0.44	-1.23	-0.078	-0.121
85	최인호	21한LF	-0.136	46	41	335.2	78	77	1	0	1.000	2.09	0.55	-0.34	0.00	0.00	0.16	0.37	1.32	-1.73	-1.36	0.037	-0.136
86	최승민	21NLF	-0.149	31	7	98.0	34	34	0	0	1.000	3.12	-0.93	-0.48	0.00	0.00	0.05	-1.37	-16.73	-0.13	-1.50	-0.136	-0.149
87	박준태	21키LF	-0.154	31	13	136.0	39	39	0	0	1.000	2.58	-1.55	0.32	0.00	0.00	0.08	-1.16	-10.18	-0.39	-1.55	-0.115	-0.154
88	김헌곤	21삼LF	-0.155	136	90	814.1	194	185	8	1	.995	2.13	-1.19	2.81	0.00	0.00	0.20	1.82	2.68	-3.38	-1.56	0.181	-0.155
89	강상원	21한LF	-0.162	35	9	130.0	29	29	0	0	1.000	2.01	-0.59	-0.84	0.00	0.00	0.07	-1.36	-12.53	-0.26	-1.62	-0.136	-0.162
90	정훈	21롯CF	-0.175	18	16	124.1	18	17	1	0	1.000	1.30	-1.76	-0.29	0.00	0.00	0.06	-1.99	-19.12	0.22	-1.77	-0.196	-0.175
91 	안익훈 	21LLF	-0.182	50	0	82.0	11	11	0	0	1.000	1.21	-1.55	-0.17	0.00	0.00	0.04	-1.67	-24.44	-0.16	-1.84	-0.166	-0.182
92	전민수	21NLF	-0.191	25	8	72.0	12	12	0	0	1.000	1.50	-0.57	-1.01	0.00	0.00	0.03	-1.54	-25.66	-0.37	-1.92	-0.153	-0.191
93	장두성	21롯LF	-0.193	39	8	114.0	17	16	0	1	.941	1.26	-2.28	0.38	0.00	0.00	-0.14	-2.04	-21.44	0.10	-1.94	-0.202	-0.193
94	강백호	21KRF	-0.224	5	4	30.2	5	5	0	0	1.000	1.47	-1.73	-0.44	0.00	0.00	0.02	-2.15	-84.03	-0.16	-2.32	-0.208	-0.224
95	장운호	21한LF	-0.230	116	79	725.0	195	190	5	0	1.000	2.42	-1.24	1.15	0.00	0.00	0.41	0.32	0.53	-2.61	-2.29	0.032	-0.230
96	장지승	21한LF	-0.258	21	18	146.0	33	32	0	1	.970	1.97	0.15	-1.87	0.00	0.00	-0.11	-1.82	-14.92	-0.75	-2.57	-0.183	-0.258
97	이원석	21한LF	-0.261	41	31	300.0	74	72	1	1	.987	2.19	-2.60	-0.39	0.00	0.00	-0.06	-3.05	-12.18	0.47	-2.58	-0.309	-0.261
98	알몬테	21KLF	-0.272	35	33	241.0	55	52	1	2	.964	1.98	-0.89	-0.32	0.00	0.00	-0.29	-1.49	-7.41	-1.25	-2.74	-0.148	-0.272
99	이형종	21LLF	-0.273	44	35	305.2	64	59	3	2	.969	1.83	-2.21	1.27	0.00	0.00	-0.23	-1.17	-4.58	-1.58	-2.75	-0.116	-0.273
100	김태훈	21KLF	-0.286	17	15	113.0	22	21	1	0	1.000	1.75	-2.31	-0.04	0.00	0.00	0.07	-2.28	-24.20	-0.58	-2.87	-0.228	-0.286
101	김성윤	21삼LF	-0.287	21	3	51.2	13	11	0	2	.846	1.92	-2.02	-0.36	0.00	0.00	-0.37	-2.76	-63.88	-0.13	-2.89	-0.274	-0.287
102	민병헌	21롯CF	-0.291	12	11	88.1	17	17	0	0	1.000	1.73	-2.38	-0.72	0.00	0.00	0.04	-3.06	-41.52	0.15	-2.91	-0.306	-0.291
103	박건우	21두CF	-0.344	146	118	933.0	242	238	3	1	.996	2.33	0.52	-2.02	0.00	0.00	0.35	-1.15	-1.47	-2.37	-3.52	-0.112	-0.344
104	한유섬	21SLF	-0.346	126	109	911.2	230	223	5	2	.991	2.25	1.47	-0.36	0.00	0.00	0.15	1.26	1.65	-4.78	-3.52	0.123	-0.346
105	정의윤	21SLF	-0.382	37	31	222.0	47	45	2	0	1.000	1.91	-2.47	-0.33	0.00	0.00	0.12	-2.68	-14.47	-1.14	-3.83	-0.268	-0.382
106	나성범	21NRF	-0.394	131	130	1071.2	241	231	5	5	.979	1.98	0.34	1.55	0.00	0.00	-0.29	1.60	1.79	-5.60	-4.00	0.158	-0.394
107	채은성	21LRF	-0.422	84	79	641.1	152	147	4	1	.993	2.12	-0.84	-0.32	0.00	0.00	0.23	-0.93	-1.74	-3.36	-4.29	-0.092	-0.422
108	조용호	21KLF	-0.433	153	115	918.2	184	177	7	0	1.000	1.80	-4.95	4.80	0.00	0.00	0.48	0.33	0.43	-4.65	-4.32	0.033	-0.433
109	크레익	21키RF	-0.452	18	18	140.0	29	24	2	3	.897	1.67	-3.71	0.40	0.00	0.00	-0.51	-3.82	-32.70	-0.72	-4.55	-0.380	-0.452
110	피렐라	21삼LF	-0.453	38	37	295.1	63	61	2	0	1.000	1.92	-4.01	0.81	0.00	0.00	0.14	-3.07	-12.44	-1.55	-4.62	-0.301	-0.453
111	김현수	21LLF	-0.485	81	76	615.2	113	112	1	0	1.000	1.65	0.10	-2.10	0.00	0.00	0.28	-1.72	-3.33	-3.22	-4.94	-0.169	-0.485
112	나지완	21KLF	-0.489	24	23	176.0	38	38	0	0	1.000	1.94	-3.43	-0.64	0.00	0.00	0.08	-3.99	-27.12	-0.91	-4.90	-0.398	-0.489
113	정진기	21NLF	-0.521	74	33	319.1	72	69	2	1	.986	2.00	-3.54	-0.03	0.00	0.00	-0.04	-3.60	-13.50	-1.66	-5.26	-0.357	-0.521
114	신용수	21롯LF	-0.536	76	29	297.0	63	61	1	1	.984	1.88	-4.31	-0.96	0.00	0.00	-0.05	-5.33	-21.46	-0.07	-5.40	-0.528	-0.536
115	이명기	21NLF	-0.616	49	48	380.0	84	80	3	1	.988	1.97	-5.72	1.46	0.00	0.00	-0.03	-4.29	-13.50	-1.99	-6.28	-0.420	-0.616
116	홍창기	21LLF	-0.622	155	132	1117.2	254	248	4	2	.992	2.03	-3.84	-3.12	0.00	0.00	0.17	-6.79	-7.28	0.37	-6.42	-0.658	-0.622
117	고종욱	21SLF	-0.625	41	33	216.0	29	27	1	1	.966	1.17	-5.08	0.03	0.00	0.00	-0.10	-5.16	-28.58	-1.12	-6.27	-0.514	-0.625
118	임종찬	21한RF	-0.665	40	38	329.0	71	70	0	1	.986	1.92	-2.89	-2.03	0.00	0.00	0.02	-4.90	-17.84	-1.67	-6.58	-0.496	-0.665
119	추신수	21SRF	-0.795	47	47	372.1	80	79	0	1	.988	1.91	-4.19	-2.04	0.00	0.00	0.05	-6.19	-19.88	-1.96	-8.15	-0.604	-0.795
120	터커	21KLF	-0.835	101	95	745.2	157	154	1	2	.987	1.87	-2.41	-2.07	0.00	0.00	-0.05	-4.53	-7.28	-3.85	-8.38	-0.452	-0.835
121	최원준	21KCF	-1.057	154	143	1244.0	330	313	10	7	.979	2.34	-2.39	-1.81	0.00	0.00	-0.59	-4.78	-4.60	-5.92	-10.71	-0.472	-1.057
122	이용규	21키LF	-1.061	141	123	1003.2	224	216	5	3	.987	1.98	-3.03	-2.89	0.00	0.00	-0.05	-5.97	-7.12	-4.82	-10.78	-0.587	-1.061
123	전준우	21롯LF	-1.138	116	116	969.0	239	233	6	0	1.000	2.22	-5.98	-1.02	0.00	0.00	0.44	-6.56	-8.11	-5.11	-11.68	-0.640	-1.138
124	손아섭	21롯RF	-1.222	134	131	1118.0	232	222	5	5	.978	1.83	-2.05	-4.27	0.00	0.00	-0.26	-6.58	-7.04	-5.85	-12.43	-0.647	-1.222
125	김재환	21두LF	-1.434	126	125	948.0	207	199	4	4	.981	1.93	-6.09	-3.27	0.00	0.00	-0.37	-9.73	-12.29	-5.01	-14.75	-0.947	-1.434